/*--------------------------------*- C++ -*----------------------------------*\
| =========                 |                                                 |
| \\      /  F ield         | OpenFOAM: The Open Source CFD Toolbox           |
|  \\    /   O peration     | Version:  xxxxxxx                               |
|   \\  /    A nd           | Revision: exported                              |
|    \\/     M anipulation  | Web:      http://www.OpenFOAM.org               |
\*---------------------------------------------------------------------------*/
FoamFile
{
    version     2.0;
    format      ascii;
    class       faceList;
    location    "constant/polyMesh";
    object      faces;
}
// * * * * * * * * * * * * * * * * * * * * * * * * * * * * * * * * * * * * * //


624
(
3(0 95 87)
3(92 0 22)
3(92 22 86)
3(0 86 22)
3(87 88 0)
3(86 0 88)
3(95 88 22)
3(95 0 88)
3(86 87 88)
3(0 90 23)
3(0 23 84)
3(0 85 24)
3(90 24 85)
3(84 85 25)
3(84 25 0)
3(23 25 24)
3(24 25 0)
3(23 24 0)
3(23 0 25)
3(85 84 25)
3(0 26 25)
3(0 25 84)
3(26 28 27)
3(25 28 0)
3(25 0 23)
3(27 84 23)
3(0 29 22)
3(22 93 0)
3(29 93 96)
3(29 0 93)
3(0 32 31)
3(30 29 22)
3(31 93 0)
3(32 29 0)
3(32 0 93)
3(32 93 31)
3(0 33 35)
3(0 35 34)
3(33 0 37)
3(33 37 36)
3(34 36 38)
3(34 38 0)
3(35 38 37)
3(35 37 0)
3(35 0 38)
3(39 0 83)
3(39 83 82)
3(40 0 82)
3(40 82 88)
3(40 88 0)
3(30 88 83)
3(30 88 82)
3(82 40 88)
3(30 88 40)
3(0 34 41)
3(0 41 38)
3(38 35 28)
3(38 28 0)
3(41 28 42)
3(41 42 0)
3(41 0 28)
3(41 28 35)
3(0 43 45)
3(0 45 44)
3(43 0 47)
3(43 47 46)
3(0 46 47)
3(44 79 0)
3(46 0 79)
3(45 47 0)
3(45 0 79)
3(46 44 79)
3(0 49 81)
3(80 49 0)
3(80 81 49)
3(49 0 47)
3(48 47 0)
3(48 49 47)
3(85 0 47)
3(49 48 47)
3(50 25 48)
3(48 0 52)
3(51 52 0)
3(25 52 0)
3(30 32 28)
3(53 28 54)
3(53 0 28)
3(53 54 0)
3(32 54 0)
3(29 32 28)
3(29 28 30)
3(29 54 28)
3(29 28 53)
3(28 53 54)
3(0 47 24)
3(0 24 85)
3(47 0 52)
3(47 52 48)
3(24 25 52)
3(24 52 0)
3(24 0 25)
3(43 0 52)
3(55 52 0)
3(0 56 58)
3(0 58 57)
3(56 52 43)
3(57 55 0)
3(58 55 52)
3(58 0 55)
3(58 56 52)
3(58 55 57)
3(59 58 60)
3(60 34 42)
3(0 47 46)
3(0 61 53)
3(0 53 28)
3(61 0 83)
3(61 39 0)
3(61 83 39)
3(53 61 83)
3(62 63 64)
3(63 0 64)
3(62 64 0)
3(42 58 0)
3(42 0 64)
3(63 62 64)
3(54 94 91)
3(54 91 0)
3(54 0 94)
3(65 76 0)
3(65 77 76)
3(61 76 83)
3(61 0 76)
3(53 83 77)
3(53 83 76)
3(76 61 83)
3(32 91 0)
3(89 31 93)
3(91 0 93)
3(91 93 31)
3(57 55 66)
3(58 64 55)
3(58 55 66)
3(67 0 65)
3(67 65 76)
3(68 61 0)
3(0 37 74)
3(68 0 39)
3(74 39 0)
3(37 0 39)
3(0 61 68)
3(70 71 73)
3(70 73 0)
3(0 66 63)
3(0 63 57)
3(0 57 66)
3(57 63 66)
3(0 44 43)
3(0 43 46)
3(0 46 44)
3(46 43 44)
3(0 69 67)
3(0 67 62)
3(0 62 69)
3(62 67 69)
3(0 36 34)
3(0 34 33)
3(0 33 36)
3(33 34 36)
3(0 71 70)
3(0 70 51)
3(0 51 71)
3(51 70 71)
3(0 56 43)
3(0 43 57)
3(0 57 56)
3(57 43 56)
3(0 49 78)
3(0 78 46)
3(0 46 49)
3(46 78 49)
3(0 70 72)
3(0 72 49)
3(0 49 70)
3(49 72 70)
3(0 67 76)
3(0 76 68)
3(0 68 67)
3(68 76 67)
3(0 33 68)
3(0 68 74)
3(0 74 33)
3(74 68 33)
3(0 34 59)
3(0 59 60)
3(0 60 34)
3(60 59 34)
3(0 62 60)
3(0 60 63)
3(0 63 62)
3(63 60 62)
3(0 59 51)
3(0 51 56)
3(0 56 59)
3(56 51 59)
3(0 73 71)
3(0 71 50)
3(0 50 73)
3(50 71 73)
3(0 84 26)
3(0 26 27)
3(0 27 84)
3(27 26 84)
3(0 36 37)
3(0 37 38)
3(0 38 36)
3(38 37 36)
3(0 40 86)
3(0 86 31)
3(0 31 40)
3(31 86 40)
3(0 89 27)
3(0 27 31)
3(0 31 89)
3(31 27 89)
3(0 50 38)
3(0 38 26)
3(0 26 50)
3(26 38 50)
3(0 75 40)
3(0 40 37)
3(0 37 75)
3(37 40 75)
3(0 66 55)
3(0 55 64)
3(0 64 66)
3(64 55 66)
3(0 79 45)
3(0 45 44)
3(0 44 79)
3(44 45 79)
3(0 64 65)
3(0 65 69)
3(0 69 64)
3(69 65 64)
3(0 77 65)
3(0 65 53)
3(0 53 77)
3(53 65 77)
3(0 55 45)
3(0 45 24)
3(0 24 55)
3(24 45 55)
3(0 24 94)
3(0 94 54)
3(0 54 24)
3(54 94 24)
3(0 53 54)
3(0 54 29)
3(0 29 53)
3(29 54 53)
3(0 29 96)
3(0 96 95)
3(0 95 29)
3(95 96 29)
3(0 95 87)
3(0 87 88)
3(0 88 95)
3(87 95 88)
3(0 87 92)
3(0 92 86)
3(0 86 87)
3(86 92 87)
3(0 82 83)
3(0 83 88)
3(0 88 82)
3(82 88 83)
3(0 76 77)
3(0 77 83)
3(0 83 76)
3(76 83 77)
3(0 74 82)
3(0 82 75)
3(0 75 74)
3(74 75 82)
3(0 92 96)
3(0 96 93)
3(0 93 92)
3(92 93 96)
3(0 91 89)
3(0 89 93)
3(0 93 91)
3(89 91 93)
3(0 84 90)
3(0 90 85)
3(0 85 84)
3(84 85 90)
3(0 80 85)
3(0 85 81)
3(0 81 80)
3(80 81 85)
3(0 78 81)
3(0 81 79)
3(0 79 78)
3(78 79 81)
3(0 90 91)
3(0 91 94)
3(0 94 90)
3(90 94 91)
3(0 72 73)
3(0 73 80)
3(0 80 72)
3(72 80 73)
)

// ************************************************************************* //