/*--------------------------------*- C++ -*----------------------------------*\
| =========                 |                                                 |
| \\      /  F ield         | OpenFOAM: The Open Source CFD Toolbox           |
|  \\    /   O peration     | Version:  xxxxxxx                               |
|   \\  /    A nd           | Revision: exported                              |
|    \\/     M anipulation  | Web:      http://www.OpenFOAM.org               |
\*---------------------------------------------------------------------------*/
FoamFile
{
    version     2.0;
    format      ascii;
    class       labelList;
    note        "nPoints: 174 nCells: 528 nFaces: 1196 nInternalFaces: 916"
    location    "constant/polyMesh";
    object      neighbour;
}
// * * * * * * * * * * * * * * * * * * * * * * * * * * * * * * * * * * * * * //


916
(
6
426
466
4
410
465
7
409
425
5
411
424
467
5
6
469
7
413
7
430
14
17
97
115
12
18
113
482
15
98
114
481
13
16
99
483
13
14
22
15
485
15
117
101
22
25
20
490
23
26
489
21
27
491
21
22
23
493
23
29
30
145
480
28
144
483
31
482
29
147
29
30
148
31
31
487
38
464
36
200
39
202
465
37
203
467
37
38
39
207
39
468
46
168
440
513
44
442
515
47
169
512
45
171
443
45
46
447
47
47
516
172
54
80
90
52
89
337
55
81
336
53
83
91
339
53
54
93
55
340
55
84
62
235
282
60
281
63
234
61
232
283
61
62
285
63
63
239
70
210
475
480
68
209
362
472
71
363
473
481
69
211
360
483
69
70
213
71
367
71
476
484
78
227
370
76
226
369
403
79
224
401
77
371
400
77
78
373
79
404
79
231
86
506
84
87
507
85
505
85
86
87
87
509
94
131
178
521
92
130
177
95
128
520
93
179
522
93
94
181
95
95
135
526
102
177
345
498
100
179
344
103
176
496
101
347
499
101
102
348
103
103
180
503
110
264
402
108
242
401
111
240
265
109
241
267
403
109
110
405
111
246
111
268
118
154
178
116
153
119
176
117
155
179
117
118
157
119
119
183
126
426
466
124
330
427
127
329
464
125
331
424
467
125
126
431
127
333
127
471
134
137
132
136
289
135
288
133
139
291
133
134
140
135
292
135
142
140
520
143
523
141
521
141
142
143
524
143
150
211
148
210
151
208
149
149
150
151
151
215
158
352
378
156
354
159
377
157
355
376
157
158
359
159
159
382
166
226
352
369
164
227
370
167
225
353
165
355
368
165
166
374
167
167
229
356
174
376
522
172
523
175
377
521
173
379
173
174
175
175
525
380
182
323
180
322
183
320
181
181
182
183
183
327
190
362
472
188
361
191
474
189
363
473
189
190
365
191
191
478
198
354
458
196
304
352
199
306
457
197
307
353
456
197
198
358
199
311
199
462
206
346
204
345
498
207
497
205
347
499
205
206
349
207
501
207
214
328
435
212
330
432
215
433
213
331
213
214
335
215
215
436
222
235
305
385
220
233
386
223
306
387
221
232
307
221
222
236
223
223
389
309
230
242
297
228
243
299
231
241
229
298
229
230
301
231
231
245
238
236
239
237
237
238
239
239
246
282
305
244
304
247
280
245
283
307
245
246
308
247
247
287
254
409
252
314
410
255
313
253
315
408
253
254
414
255
317
255
262
267
304
260
265
305
385
263
266
384
261
306
387
261
262
310
263
388
263
269
270
268
271
269
269
270
271
271
278
441
276
442
515
279
514
277
440
513
277
278
446
279
517
279
286
297
284
296
287
285
299
285
286
300
287
287
294
322
292
295
321
293
320
293
294
295
295
326
302
300
303
301
301
302
303
303
310
308
311
309
309
310
311
311
318
322
498
316
321
319
497
317
323
496
317
318
325
319
319
502
326
324
327
325
325
326
327
327
334
395
332
393
335
394
333
333
334
335
335
397
342
340
345
343
346
341
344
341
342
343
350
343
350
348
351
349
349
350
351
351
358
356
488
359
489
357
490
357
358
359
494
359
366
411
424
364
409
425
367
427
365
408
365
366
412
367
367
428
374
376
440
372
378
375
441
373
379
443
373
374
383
375
375
444
382
380
383
381
381
382
383
383
390
388
391
389
389
390
391
391
398
434
449
396
448
399
432
397
435
451
397
398
452
399
399
439
406
404
407
405
405
406
407
407
414
496
412
415
497
413
499
413
414
415
415
500
422
474
420
434
423
432
472
421
433
475
421
422
423
438
423
479
430
428
431
429
429
430
431
431
438
436
439
437
437
438
439
439
446
444
447
445
445
446
447
447
454
452
455
453
453
454
455
455
462
488
460
463
489
461
491
461
462
463
463
492
470
468
471
469
469
470
471
471
478
476
479
477
477
478
479
479
486
484
487
485
485
486
487
487
494
492
495
493
493
494
495
495
502
500
503
501
501
502
503
503
510
512
523
508
513
522
511
520
509
514
509
510
518
511
511
527
518
516
519
517
517
518
519
519
526
524
527
525
525
526
527
527
)

// ************************************************************************* //