/*--------------------------------*- C++ -*----------------------------------*\
| =========                 |                                                 |
| \\      /  F ield         | OpenFOAM: The Open Source CFD Toolbox           |
|  \\    /   O peration     | Version:  xxxxxxx                               |
|   \\  /    A nd           | Revision: exported                              |
|    \\/     M anipulation  | Web:      http://www.OpenFOAM.org               |
\*---------------------------------------------------------------------------*/
FoamFile
{
    version     2.0;
    format      ascii;
    class       labelList;
    note        "nPoints: 174 nCells: 528 nFaces: 1196 nInternalFaces: 916"
    location    "constant/polyMesh";
    object      owner;
}
// * * * * * * * * * * * * * * * * * * * * * * * * * * * * * * * * * * * * * //


1196
(
0
0
0
1
1
1
2
2
2
3
3
3
3
4
4
4
5
5
6
7
8
8
8
8
9
9
9
9
10
10
10
10
11
11
11
11
12
12
12
13
13
14
14
15
16
16
17
17
18
18
18
19
19
19
20
20
21
21
22
23
24
24
24
25
25
25
26
26
27
27
28
28
28
29
30
30
32
32
33
33
34
34
34
35
35
35
36
36
37
37
38
39
40
40
40
40
41
41
41
42
42
42
43
43
43
44
44
44
45
46
46
47
48
48
48
49
49
49
50
50
50
51
51
51
51
52
52
52
53
53
54
55
56
56
56
57
57
58
58
59
59
59
60
60
60
61
62
63
64
64
64
64
65
65
65
65
66
66
66
66
67
67
67
67
68
68
68
69
69
70
70
71
72
72
72
73
73
73
73
74
74
74
75
75
75
76
76
76
77
77
78
78
80
80
81
82
82
83
83
84
84
85
86
87
88
88
88
88
89
89
89
90
90
90
91
91
91
92
92
92
93
94
94
95
96
96
96
96
97
97
97
98
98
98
99
99
99
100
100
100
101
102
102
103
104
104
104
105
105
105
106
106
106
107
107
107
107
108
108
108
109
109
110
111
112
112
112
113
113
114
114
115
115
115
116
116
116
117
118
119
120
120
120
121
121
121
122
122
122
123
123
123
123
124
124
124
125
125
126
127
128
128
129
129
129
130
130
131
131
131
132
132
132
133
133
134
136
137
137
138
138
139
139
140
140
141
141
142
144
144
145
145
146
146
147
148
148
149
150
150
152
152
152
153
153
154
154
155
155
155
156
156
156
157
158
159
160
160
160
160
161
161
161
162
162
162
163
163
163
164
164
164
165
166
166
167
168
168
168
169
169
170
170
170
171
171
172
172
173
174
174
175
176
176
177
177
178
178
179
180
180
181
182
182
184
184
184
185
185
186
186
187
187
187
188
188
188
189
190
191
192
192
192
193
193
193
194
194
194
195
195
195
195
196
196
196
197
197
198
199
200
200
201
201
201
202
202
203
203
203
204
204
204
205
205
206
208
208
208
209
209
209
210
210
211
211
212
212
212
213
214
214
216
216
216
216
217
217
217
218
218
218
219
219
219
220
220
220
221
222
222
223
224
224
224
225
225
225
226
226
227
227
228
228
228
229
230
230
232
233
234
235
236
236
237
238
240
240
240
241
241
242
242
243
243
243
244
244
244
245
246
247
248
248
249
249
249
250
250
251
251
251
252
252
252
253
253
254
256
256
256
257
257
257
257
258
258
258
259
259
259
260
260
260
261
261
262
262
264
265
266
267
268
268
269
270
272
272
273
273
273
274
274
275
275
275
276
276
276
277
277
278
280
280
281
281
282
283
283
284
284
284
285
286
288
288
289
290
290
291
291
292
292
293
294
295
296
297
298
299
300
300
301
302
304
305
306
307
308
308
309
310
312
312
312
313
313
314
314
315
315
315
316
316
316
317
318
319
320
321
322
323
324
324
325
326
328
328
329
329
330
330
331
332
332
333
334
334
336
337
337
338
338
339
339
340
340
341
341
342
344
345
346
347
348
348
349
350
352
353
353
354
354
355
355
356
356
357
357
358
360
360
360
361
361
361
362
362
363
363
364
364
364
365
366
366
368
368
368
369
369
370
370
371
371
371
372
372
372
373
374
375
376
377
378
379
380
380
381
382
384
385
386
387
388
388
389
390
392
392
392
393
393
394
394
395
395
395
396
396
396
397
398
399
400
401
402
403
404
404
405
406
408
408
409
410
410
411
411
412
412
413
414
415
416
416
417
417
418
418
418
419
419
419
420
420
421
421
422
423
424
425
426
427
428
428
429
430
432
433
434
435
436
436
437
438
440
441
442
443
444
444
445
446
448
449
450
451
452
452
453
454
456
456
457
458
458
459
459
460
460
461
462
463
464
465
466
467
468
468
469
470
472
473
474
475
476
476
477
478
480
481
482
483
484
484
485
486
488
489
490
491
492
492
493
494
496
497
498
499
500
500
501
502
504
504
504
505
505
505
506
506
507
507
508
508
508
509
510
510
512
513
514
515
516
516
517
518
520
521
522
523
524
524
525
526
-1
-1
-1
-1
-1
-1
-1
-1
-1
-1
-1
-1
-1
-1
-1
-1
-1
-1
-1
-1
-1
-1
-1
-1
-1
-1
-1
-1
-1
-1
-1
-1
-1
-1
-1
-1
-1
-1
-1
-1
-1
-1
-1
-1
-1
-1
-1
-1
-1
-1
-1
-1
-1
-1
-1
-1
-1
-1
-1
-1
-1
-1
-1
-1
-1
-1
-1
-1
-1
-1
-1
-1
-1
-1
-1
-1
-1
-1
-1
-1
-1
-1
-1
-1
-1
-1
-1
-1
-1
-1
-1
-1
-1
-1
-1
-1
-1
-1
-1
-1
-1
-1
-1
-1
-1
-1
-1
-1
-1
-1
-1
-1
-1
-1
-1
-1
-1
-1
-1
-1
-1
-1
-1
-1
-1
-1
-1
-1
-1
-1
-1
-1
-1
-1
-1
-1
-1
-1
-1
-1
-1
-1
-1
-1
-1
-1
-1
-1
-1
-1
-1
-1
-1
-1
-1
-1
-1
-1
-1
-1
-1
-1
-1
-1
-1
-1
-1
-1
-1
-1
-1
-1
-1
-1
-1
-1
-1
-1
-1
-1
-1
-1
-1
-1
-1
-1
-1
-1
-1
-1
-1
-1
-1
-1
-1
-1
-1
-1
-1
-1
-1
-1
-1
-1
-1
-1
-1
-1
-1
-1
-1
-1
-1
-1
-1
-1
-1
-1
-1
-1
-1
-1
-1
-1
-1
-1
-1
-1
-1
-1
-1
-1
-1
-1
-1
-1
-1
-1
-1
-1
-1
-1
-1
-1
-1
-1
-1
-1
-1
-1
-1
-1
-1
-1
-1
-1
-1
-1
-1
-1
-1
-1
-1
-1
-1
-1
-1
-1
-1
-1
-1
-1
-1
-1
-1
-1
-1
-1
-1
-1
)

// ************************************************************************* //