/*--------------------------------*- C++ -*----------------------------------*\
| =========                 |                                                 |
| \\      /  F ield         | OpenFOAM: The Open Source CFD Toolbox           |
|  \\    /   O peration     | Version:  xxxxxxx                               |
|   \\  /    A nd           | Revision: exported                              |
|    \\/     M anipulation  | Web:      http://www.OpenFOAM.org               |
\*---------------------------------------------------------------------------*/
FoamFile
{
    version     2.0;
    format      ascii;
    class       vectorField;
    location    "constant/polyMesh";
    object      points;
}
// * * * * * * * * * * * * * * * * * * * * * * * * * * * * * * * * * * * * * //


97
(
(0.004763 0.999991 0.000000)
(0.000000 0.000000 0.000000)
(0.000000 0.000000 0.000000)
(0.000000 0.000000 0.000000)
(0.000000 0.000000 0.000000)
(0.000000 0.000000 0.000000)
(0.000000 0.000000 0.000000)
(0.000000 0.000000 0.000000)
(0.000000 0.000000 0.000000)
(0.000000 0.000000 0.000000)
(0.000000 0.000000 0.000000)
(0.000000 0.000000 0.000000)
(0.000000 0.000000 0.000000)
(0.000000 0.000000 0.000000)
(0.000000 0.000000 0.000000)
(0.000000 0.000000 0.000000)
(0.000000 0.000000 0.000000)
(0.000000 0.000000 0.000000)
(0.000000 0.000000 0.000000)
(0.000000 0.000000 0.000000)
(0.000000 0.000000 0.000000)
(0.000000 0.000000 0.000000)
(-0.339091 -0.049395 0.250000)
(-0.075192 0.310058 0.250000)
(-0.079421 0.505274 0.500000)
(-0.210623 0.501217 0.250000)
(-0.227527 0.428176 0.000000)
(-0.092096 0.237016 0.000000)
(-0.336258 0.357632 0.250000)
(-0.291384 -0.010322 0.500000)
(-0.444779 0.152648 0.250000)
(-0.247473 0.082548 0.000000)
(-0.199767 0.121621 0.250000)
(-0.808654 0.588272 0.125000)
(-0.628991 0.777411 0.125000)
(-0.565026 0.457112 0.125000)
(-0.668664 0.743570 -0.000000)
(-0.595687 0.414948 0.000000)
(-0.403383 0.587902 0.000000)
(-0.639326 0.331716 0.103634)
(-0.474000 0.099505 0.000000)
(-0.386479 0.660943 0.250000)
(-0.548122 0.530153 0.375000)
(-0.254059 0.967187 0.375000)
(-0.133423 0.991055 0.500000)
(-0.088414 0.760630 0.500000)
(-0.046594 0.998913 0.375000)
(-0.004168 0.782757 0.375000)
(-0.135370 0.778701 0.125000)
(0.024969 0.999694 0.248062)
(-0.277748 0.731487 0.000000)
(-0.314787 0.949163 0.125000)
(-0.244101 0.708157 0.375000)
(-0.427875 0.225689 0.500000)
(-0.182863 0.194662 0.500000)
(-0.328347 0.686030 0.500000)
(-0.354541 0.935039 0.264911)
(-0.434638 0.900607 0.389911)
(-0.423226 0.640237 0.389911)
(-0.490787 0.871280 0.139911)
(-0.661225 0.750192 0.264911)
(-0.622422 0.404757 0.353634)
(-0.743016 0.669286 0.375000)
(-0.621214 0.783640 0.389911)
(-0.513232 0.568892 0.500000)
(-0.639539 0.355817 0.500000)
(-0.535199 0.844728 0.500000)
(-0.885647 0.464383 0.375000)
(-0.860387 0.509685 0.228634)
(-0.860238 0.509936 0.500000)
(-0.082355 0.996599 0.125000)
(-0.230918 0.972971 -0.000000)
(0.111305 0.987987 0.123062)
(-0.048565 0.785876 0.000000)
(-0.881851 0.462073 0.103634)
(-0.716524 0.229862 0.000000)
(-0.942607 0.329901 0.353634)
(-0.748060 0.150832 0.500000)
(0.147106 0.986533 0.373062)
(0.118439 0.788478 0.500000)
(0.057977 0.773872 0.123062)
(0.189179 0.777928 0.373062)
(-0.760164 0.146630 0.103634)
(-0.730944 0.199773 0.353634)
(0.033539 0.380602 0.000000)
(0.029310 0.575817 0.250000)
(-0.368311 -0.102538 0.000000)
(-0.496080 -0.284085 0.250000)
(-0.565617 -0.032438 0.250000)
(0.013593 0.034973 0.000000)
(0.164741 0.384658 0.250000)
(0.061299 0.074046 0.250000)
(-0.269554 -0.301042 0.250000)
(-0.094078 -0.080422 0.250000)
(0.057070 0.269262 0.500000)
(-0.466860 -0.230942 0.500000)
(-0.221848 -0.261969 0.500000)
)

// ************************************************************************* //