/*--------------------------------*- C++ -*----------------------------------*\
| =========                 |                                                 |
| \\      /  F ield         | OpenFOAM: The Open Source CFD Toolbox           |
|  \\    /   O peration     | Version:  xxxxxxx                               |
|   \\  /    A nd           | Revision: exported                              |
|    \\/     M anipulation  | Web:      http://www.OpenFOAM.org               |
\*---------------------------------------------------------------------------*/
FoamFile
{
    version     2.0;
    format      ascii;
    class       faceList;
    location    "constant/polyMesh";
    object      faces;
}
// * * * * * * * * * * * * * * * * * * * * * * * * * * * * * * * * * * * * * //


612
(
3(12 45 44)
3(12 46 45)
3(18 47 41)
3(44 41 47)
3(45 48 14)
3(46 48 41)
3(46 41 21)
3(46 21 48)
3(47 45 48)
3(0 51 50)
3(49 53 52)
3(52 15 54)
3(50 54 15)
3(50 52 54)
3(51 54 53)
3(51 1 54)
3(53 54 1)
3(52 50 54)
3(11 55 57)
3(11 57 56)
3(55 4 59)
3(55 59 58)
3(56 58 60)
3(56 60 3)
3(57 59 21)
3(57 21 60)
3(16 61 63)
3(16 63 62)
3(6 64 65)
3(61 64 6)
3(61 65 64)
3(62 64 66)
3(62 66 11)
3(63 65 18)
3(65 66 18)
3(63 18 66)
3(64 62 66)
3(14 47 68)
3(67 7 37)
3(67 37 36)
3(68 36 38)
3(68 38 13)
3(47 18 38)
3(10 71 72)
3(69 72 71)
3(70 71 73)
3(70 73 2)
3(71 2 73)
3(71 70 73)
3(19 42 74)
3(40 41 63)
3(18 63 41)
3(74 75 16)
3(42 75 41)
3(42 21 75)
3(42 41 63)
3(21 43 42)
3(76 33 31)
3(43 33 22)
3(43 22 32)
3(31 42 32)
3(77 4 59)
3(77 59 78)
3(4 78 59)
3(48 59 21)
3(48 21 46)
3(78 45 46)
3(53 1 80)
3(79 80 72)
3(72 80 10)
3(79 72 10)
3(79 10 80)
3(79 72 53)
3(79 80 53)
3(53 51 80)
3(39 13 68)
3(39 68 38)
3(41 38 47)
3(41 47 18)
3(3 81 60)
3(3 60 82)
3(81 83 20)
3(81 76 83)
3(82 83 75)
3(82 75 16)
3(60 76 21)
3(60 21 75)
3(83 82 75)
3(84 66 64)
3(85 65 6)
3(86 5 35)
3(86 35 87)
3(77 87 59)
3(18 66 41)
3(18 41 63)
3(66 57 62)
3(29 88 30)
3(88 17 30)
3(88 29 30)
3(6 61 89)
3(20 83 81)
3(90 49 91)
3(91 81 82)
3(15 23 52)
3(15 52 54)
3(23 8 93)
3(23 93 92)
3(54 92 53)
3(73 16 53)
3(73 72 80)
3(10 72 79)
3(95 82 91)
3(72 82 16)
3(72 16 49)
3(25 28 50)
3(26 20 90)
3(88 27 17)
3(97 7 37)
3(97 67 37)
3(98 85 65)
3(37 18 65)
3(37 65 85)
3(75 82 16)
3(27 30 88)
3(28 20 83)
3(2 94 71)
3(10 71 80)
3(1 80 94)
3(80 71 94)
3(6 89 64)
3(11 64 70)
3(2 70 89)
3(70 64 89)
3(0 91 79)
3(10 79 95)
3(3 95 91)
3(95 79 91)
3(3 58 56)
3(11 56 55)
3(4 55 58)
3(55 56 58)
3(7 98 97)
3(12 97 85)
3(6 85 98)
3(85 97 98)
3(4 87 77)
3(14 77 86)
3(5 86 87)
3(86 77 87)
3(13 36 68)
3(14 68 67)
3(7 67 36)
3(67 68 36)
3(1 51 80)
3(10 80 79)
3(0 79 51)
3(79 80 51)
3(10 69 71)
3(2 71 70)
3(11 70 69)
3(70 71 69)
3(3 56 95)
3(10 95 69)
3(11 69 56)
3(69 95 56)
3(4 78 55)
3(11 55 84)
3(12 84 78)
3(84 55 78)
3(11 84 64)
3(6 64 85)
3(12 85 84)
3(85 64 84)
3(4 77 78)
3(12 78 45)
3(14 45 77)
3(45 78 77)
3(14 67 45)
3(12 45 97)
3(7 97 67)
3(97 45 67)
3(14 86 68)
3(13 68 34)
3(5 34 86)
3(34 68 86)
3(9 96 25)
3(15 25 50)
3(0 50 96)
3(50 25 96)
3(1 92 54)
3(15 54 23)
3(8 23 92)
3(23 54 92)
3(0 51 50)
3(15 50 54)
3(1 54 51)
3(54 50 51)
3(2 73 94)
3(1 94 53)
3(16 53 73)
3(53 94 73)
3(16 93 53)
3(1 53 92)
3(8 92 93)
3(92 53 93)
3(2 89 73)
3(16 73 61)
3(6 61 89)
3(61 73 89)
3(8 93 24)
3(17 24 88)
3(16 88 93)
3(88 24 93)
3(7 37 98)
3(6 98 65)
3(18 65 37)
3(65 98 37)
3(18 63 65)
3(6 65 61)
3(16 61 63)
3(61 65 63)
3(18 40 63)
3(16 63 74)
3(19 74 40)
3(74 63 40)
3(19 29 74)
3(16 74 88)
3(17 88 29)
3(88 74 29)
3(0 96 90)
3(20 90 26)
3(9 26 96)
3(26 90 96)
3(0 90 91)
3(3 91 81)
3(20 81 90)
3(81 91 90)
3(4 58 59)
3(21 59 60)
3(3 60 58)
3(60 59 58)
3(21 60 76)
3(20 76 81)
3(3 81 60)
3(81 76 60)
3(4 59 87)
3(5 87 35)
3(21 35 59)
3(35 87 59)
3(21 76 43)
3(22 43 33)
3(20 33 76)
3(33 43 76)
3(19 31 29)
3(20 30 31)
3(17 29 30)
3(29 31 30)
3(17 30 27)
3(20 28 30)
3(15 27 28)
3(27 30 28)
3(15 28 25)
3(20 26 28)
3(9 25 26)
3(25 28 26)
3(19 32 31)
3(22 33 32)
3(20 31 33)
3(31 32 33)
3(8 24 23)
3(17 27 24)
3(15 23 27)
3(23 24 27)
3(5 35 34)
3(21 39 35)
3(13 34 39)
3(34 35 39)
3(18 41 40)
3(21 42 41)
3(19 40 42)
3(40 41 42)
3(18 38 41)
3(13 39 38)
3(21 41 39)
3(38 39 41)
3(13 38 36)
3(18 37 38)
3(7 36 37)
3(36 38 37)
3(22 32 43)
3(19 42 32)
3(21 43 42)
3(32 42 43)
)

// ************************************************************************* //