/*--------------------------------*- C++ -*----------------------------------*\
| =========                 |                                                 |
| \\      /  F ield         | OpenFOAM: The Open Source CFD Toolbox           |
|  \\    /   O peration     | Version:  xxxxxxx                               |
|   \\  /    A nd           | Revision: exported                              |
|    \\/     M anipulation  | Web:      http://www.OpenFOAM.org               |
\*---------------------------------------------------------------------------*/
FoamFile
{
    version     2.0;
    format      ascii;
    class       vectorField;
    location    "constant/polyMesh";
    object      points;
}
// * * * * * * * * * * * * * * * * * * * * * * * * * * * * * * * * * * * * * //


99
(
(0.447217 0.894426 0.500000)
(0.447217 0.894426 0.000000)
(0.707113 0.707103 0.000000)
(0.783961 0.620811 0.500000)
(0.978652 0.205546 0.500000)
(0.955494 -0.295054 0.500000)
(0.921639 0.388054 0.000000)
(0.997991 -0.063493 0.000000)
(0.004763 0.999991 0.000000)
(0.076366 0.997082 0.500000)
(0.629445 0.777138 0.256922)
(0.863676 0.504046 0.251208)
(0.986759 0.162237 0.217642)
(0.891235 -0.453578 0.248806)
(0.992095 -0.125582 0.289482)
(0.217846 0.975983 0.246125)
(0.386784 0.536625 0.000000)
(-0.101892 0.571761 0.000000)
(0.594528 0.083071 0.000000)
(0.168970 0.189442 0.000000)
(0.160511 0.579873 0.500000)
(0.518849 0.206062 0.500000)
(-0.046372 -0.041349 0.500000)
(0.111952 0.993699 0.123062)
(-0.048565 0.785876 0.000000)
(0.147479 0.989027 0.373062)
(0.118439 0.788478 0.500000)
(0.057977 0.773872 0.123062)
(0.189179 0.777928 0.373062)
(0.033539 0.380601 0.000000)
(0.029310 0.575817 0.250000)
(0.164741 0.384658 0.250000)
(0.061299 0.074046 0.250000)
(0.057070 0.269262 0.500000)
(0.926775 -0.375698 0.374403)
(0.737172 -0.044496 0.500000)
(0.964526 -0.263989 0.124403)
(0.796260 0.009789 0.000000)
(0.742882 -0.185253 0.124403)
(0.705042 -0.123758 0.374403)
(0.381749 0.136256 0.000000)
(0.556689 0.144567 0.250000)
(0.343910 0.197752 0.250000)
(0.236238 0.082357 0.500000)
(0.790644 0.122654 0.108821)
(0.999836 0.018519 0.253562)
(0.752804 0.184150 0.358821)
(0.793312 -0.021255 0.144741)
(0.755472 0.040240 0.394741)
(0.417000 0.715526 0.250000)
(0.335083 0.942218 0.373062)
(0.447201 0.894396 0.250000)
(0.302315 0.756304 0.123062)
(0.417000 0.715526 0.000000)
(0.335083 0.942218 0.123062)
(0.933178 0.359424 0.375604)
(0.825888 0.563841 0.375604)
(0.691263 0.355054 0.375604)
(0.905437 0.424490 0.500000)
(0.748751 0.205804 0.500000)
(0.651405 0.413436 0.500000)
(0.654212 0.462340 0.000000)
(0.625230 0.520336 0.125604)
(0.490656 0.309848 0.000000)
(0.894543 0.446992 0.125604)
(0.758084 0.235563 0.000000)
(0.729102 0.293559 0.125604)
(0.995529 -0.094584 0.144741)
(0.955825 -0.293933 0.269144)
(0.758918 0.651199 0.254065)
(0.791936 0.610618 0.125604)
(0.669150 0.743086 0.128461)
(0.508115 0.656882 0.128461)
(0.546949 0.621864 0.000000)
(0.277877 0.363033 0.000000)
(0.452817 0.371344 0.250000)
(0.339680 0.392968 0.500000)
(0.999187 0.040542 0.394741)
(0.982946 0.183936 0.358821)
(0.541392 0.840644 0.378461)
(0.541392 0.840644 0.128461)
(0.472236 0.600342 0.500000)
(0.585372 0.578718 0.250000)
(0.273647 0.558249 0.250000)
(0.940871 0.338779 0.234425)
(0.960856 0.277065 0.108821)
(0.977475 -0.211114 0.394741)
(0.998937 -0.046226 0.500000)
(0.142446 0.554193 0.000000)
(0.829855 0.557984 -0.000000)
(0.303864 0.737150 0.500000)
(0.630702 0.776112 0.500000)
(0.232012 0.972747 -0.000000)
(0.195773 0.768308 0.000000)
(0.584805 0.811378 0.000000)
(0.710960 0.703190 0.378461)
(0.266767 0.963893 0.500000)
(0.998774 0.049690 0.108821)
(0.986014 0.166709 0.000000)
)

// ************************************************************************* //