Point : 0
1 8 27 28 36 55 
Point : 1
0 5 18 28 36 45 
Point : 2
10 12 31 33 58 59 
Point : 3
4 11 25 35 44 57 
Point : 4
3 6 17 35 44 46 
Point : 5
1 13 28 29 45 
Point : 6
4 22 43 44 46 
Point : 7
23 26 38 40 56 
Point : 8
0 9 28 29 55 60 
Point : 9
8 10 29 30 32 60 
Point : 10
2 9 31 32 59 60 
Point : 11
3 12 17 34 35 57 58 
Point : 12
2 11 33 34 58 
Point : 13
5 14 29 30 45 50 
Point : 14
13 15 30 31 32 50 
Point : 15
14 16 31 33 48 50 52 
Point : 16
15 17 33 34 48 
Point : 17
4 11 16 34 35 46 48 
Point : 18
1 19 36 37 45 47 
Point : 19
18 20 37 38 40 47 54 
Point : 20
19 21 39 40 49 54 
Point : 21
20 22 39 41 42 49 
Point : 22
6 21 41 43 46 49 
Point : 23
7 24 39 40 41 42 56 61 
Point : 24
23 25 41 43 57 61 
Point : 25
3 24 43 44 57 
Point : 26
7 27 37 38 55 56 
Point : 27
0 26 36 37 55 
Point : 28
0 1 5 8 29 
Point : 29
5 8 9 13 28 30 
Point : 30
9 13 14 29 32 
Point : 31
2 10 14 15 32 33 
Point : 32
9 10 14 30 31 
Point : 33
2 12 15 16 31 34 
Point : 34
11 12 16 17 33 
Point : 35
3 4 11 17 
Point : 36
0 1 18 27 37 
Point : 37
18 19 26 27 36 38 
Point : 38
7 19 26 37 40 
Point : 39
20 21 23 40 42 
Point : 40
7 19 20 23 38 39 
Point : 41
21 22 23 24 42 43 
Point : 42
21 23 39 41 
Point : 43
6 22 24 25 41 44 
Point : 44
3 4 6 25 43 
Point : 45
1 5 13 18 47 50 51 
Point : 46
4 6 17 22 48 49 53 
Point : 47
18 19 45 51 54 
Point : 48
15 16 17 46 52 53 
Point : 49
20 21 22 46 53 54 
Point : 50
13 14 15 45 51 52 
Point : 51
45 47 50 52 53 54 
Point : 52
15 48 50 51 53 
Point : 53
46 48 49 51 52 54 
Point : 54
19 20 47 49 51 53 
Point : 55
0 8 26 27 56 60 62 
Point : 56
7 23 26 55 61 62 
Point : 57
3 11 24 25 58 61 62 
Point : 58
2 11 12 57 59 62 
Point : 59
2 10 58 60 62 
Point : 60
8 9 10 55 59 62 
Point : 61
23 24 56 57 62 
Point : 62
55 56 57 58 59 60 61 
