/*--------------------------------*- C++ -*----------------------------------*\
| =========                 |                                                 |
| \\      /  F ield         | OpenFOAM: The Open Source CFD Toolbox           |
|  \\    /   O peration     | Version:  xxxxxxx                               |
|   \\  /    A nd           | Revision: exported                              |
|    \\/     M anipulation  | Web:      http://www.OpenFOAM.org               |
\*---------------------------------------------------------------------------*/
FoamFile
{
    version     2.0;
    format      ascii;
    class       faceList;
    location    "constant/polyMesh";
    object      faces;
}
// * * * * * * * * * * * * * * * * * * * * * * * * * * * * * * * * * * * * * //


612
(
3(14 36 35)
3(13 37 38)
3(34 13 38)
3(34 38 37)
3(35 37 39)
3(35 39 6)
3(36 39 38)
3(36 38 22)
3(36 22 39)
3(37 35 39)
3(8 26 41)
3(40 43 42)
3(9 42 43)
3(41 42 38)
3(42 13 38)
3(41 38 13)
3(26 43 22)
3(43 38 22)
3(26 22 38)
3(26 38 42)
3(42 38 43)
3(42 41 38)
3(26 38 41)
3(21 44 96)
3(21 96 45)
3(44 11 47)
3(44 46 11)
3(44 47 46)
3(45 46 48)
3(45 48 1)
3(96 48 47)
3(96 4 48)
3(96 47 4)
3(46 45 48)
3(16 49 51)
3(16 51 50)
3(49 15 53)
3(49 53 52)
3(50 52 54)
3(50 54 10)
3(52 10 54)
3(51 54 53)
3(51 53 21)
3(51 21 54)
3(52 50 54)
3(55 56 57)
3(55 57 0)
3(17 59 58)
3(17 58 60)
3(17 60 59)
3(58 53 49)
3(59 51 16)
3(60 21 51)
3(15 61 53)
3(15 53 62)
3(15 62 61)
3(53 33 30)
3(61 19 30)
3(61 30 31)
3(61 31 19)
3(62 31 33)
3(62 33 22)
3(62 22 31)
3(30 61 31)
3(63 20 32)
3(63 32 29)
3(64 30 19)
3(65 28 25)
3(66 26 8)
3(67 2 69)
3(67 69 68)
3(68 49 58)
3(2 69 70)
3(70 71 72)
3(69 17 72)
3(71 70 72)
3(18 98 73)
3(97 32 63)
3(73 60 17)
3(98 21 60)
3(96 4 74)
3(19 64 61)
3(19 30 64)
3(12 27 23)
3(75 77 76)
3(23 24 5)
3(27 77 19)
3(27 19 24)
3(9 43 42)
3(78 62 79)
3(42 79 38)
3(79 13 38)
3(43 38 62)
3(43 62 22)
3(43 22 38)
3(43 38 79)
3(79 38 62)
3(79 42 38)
3(6 37 77)
3(6 77 80)
3(13 81 82)
3(37 13 82)
3(80 81 83)
3(81 7 83)
3(77 82 19)
3(77 19 83)
3(81 80 83)
3(3 94 85)
3(84 11 44)
3(84 44 86)
3(11 86 44)
3(85 86 57)
3(86 0 57)
3(94 21 57)
3(94 57 86)
3(87 88 89)
3(87 89 7)
3(87 7 83)
3(79 82 13)
3(89 83 87)
3(54 21 91)
3(33 22 43)
3(22 39 31)
3(22 31 28)
3(39 77 75)
3(28 75 27)
3(28 27 12)
3(31 27 77)
3(31 77 19)
3(31 19 27)
3(82 38 13)
3(31 38 39)
3(31 38 82)
3(82 38 79)
3(31 62 38)
3(31 38 79)
3(1 92 71)
3(92 0 55)
3(92 57 86)
3(3 85 84)
3(11 84 86)
3(0 86 85)
3(86 84 85)
3(1 48 46)
3(11 46 47)
3(4 47 48)
3(47 46 48)
3(0 92 86)
3(11 86 46)
3(1 46 92)
3(46 86 92)
3(4 93 47)
3(11 47 84)
3(3 84 93)
3(84 47 93)
3(2 70 67)
3(16 67 71)
3(1 71 70)
3(71 67 70)
3(7 88 87)
3(15 87 68)
3(2 68 88)
3(68 87 88)
3(0 56 55)
3(16 55 50)
3(10 50 56)
3(50 55 56)
3(10 90 52)
3(15 52 78)
3(9 78 90)
3(78 52 90)
3(6 80 37)
3(13 37 81)
3(7 81 80)
3(81 37 80)
3(12 75 65)
3(14 65 35)
3(6 35 75)
3(35 65 75)
3(13 41 34)
3(14 34 66)
3(8 66 41)
3(66 34 41)
3(1 92 71)
3(16 71 55)
3(0 55 92)
3(55 71 92)
3(2 67 68)
3(15 68 49)
3(16 49 67)
3(49 68 67)
3(15 49 52)
3(10 52 50)
3(16 50 49)
3(50 52 49)
3(13 79 42)
3(9 42 78)
3(15 78 79)
3(78 42 79)
3(7 87 81)
3(13 81 79)
3(15 79 87)
3(79 81 87)
3(5 76 23)
3(12 23 75)
3(6 75 76)
3(75 23 76)
3(14 66 65)
3(12 65 25)
3(8 25 66)
3(25 65 66)
3(9 40 42)
3(13 42 41)
3(8 41 40)
3(41 42 40)
3(14 35 34)
3(13 34 37)
3(6 37 35)
3(37 34 35)
3(2 69 70)
3(1 70 72)
3(17 72 69)
3(72 70 69)
3(2 88 69)
3(17 69 89)
3(7 89 88)
3(89 69 88)
3(17 74 72)
3(1 72 48)
3(4 48 74)
3(48 72 74)
3(6 77 80)
3(7 80 83)
3(19 83 77)
3(83 80 77)
3(19 64 83)
3(7 83 89)
3(17 89 64)
3(89 83 64)
3(6 76 77)
3(19 77 24)
3(5 24 76)
3(24 77 76)
3(4 74 95)
3(18 95 73)
3(17 73 74)
3(73 95 74)
3(19 29 64)
3(17 64 63)
3(20 63 29)
3(63 64 29)
3(17 63 73)
3(18 73 97)
3(20 97 63)
3(97 73 63)
3(10 56 54)
3(21 54 57)
3(0 57 56)
3(57 54 56)
3(0 85 57)
3(21 57 94)
3(3 94 85)
3(94 57 85)
3(10 54 90)
3(9 90 91)
3(21 91 54)
3(91 90 54)
3(8 40 26)
3(22 26 43)
3(9 43 40)
3(43 26 40)
3(22 43 33)
3(21 33 91)
3(9 91 43)
3(91 33 43)
3(21 30 33)
3(19 31 30)
3(22 33 31)
3(30 31 33)
3(21 32 30)
3(20 29 32)
3(19 30 29)
3(29 30 32)
3(12 28 27)
3(22 31 28)
3(19 27 31)
3(27 28 31)
3(8 26 25)
3(22 28 26)
3(12 25 28)
3(25 26 28)
3(12 27 23)
3(19 24 27)
3(5 23 24)
3(23 27 24)
3(18 97 98)
3(21 98 32)
3(20 32 97)
3(32 98 97)
3(21 96 98)
3(18 98 95)
3(4 95 96)
3(95 98 96)
3(21 94 96)
3(4 96 93)
3(3 93 94)
3(93 96 94)
)

// ************************************************************************* //