/*--------------------------------*- C++ -*----------------------------------*\
| =========                 |                                                 |
| \\      /  F ield         | OpenFOAM: The Open Source CFD Toolbox           |
|  \\    /   O peration     | Version:  xxxxxxx                               |
|   \\  /    A nd           | Revision: exported                              |
|    \\/     M anipulation  | Web:      http://www.OpenFOAM.org               |
\*---------------------------------------------------------------------------*/
FoamFile
{
    version     2.0;
    format      ascii;
    class       labelList;
    note        "nPoints: 179 nCells: 544 nFaces: 1232 nInternalFaces: 944"
    location    "constant/polyMesh";
    object      neighbour;
}
// * * * * * * * * * * * * * * * * * * * * * * * * * * * * * * * * * * * * * //


944
(
6
10
256
281
4
160
259
282
7
8
162
258
5
11
163
280
5
6
286
7
167
7
263
15
14
298
12
297
337
15
338
13
299
336
13
14
301
15
342
15
22
240
371
20
368
458
23
243
369
457
21
242
459
21
22
23
461
23
372
247
30
65
28
31
64
29
66
29
30
31
31
70
38
146
434
473
36
186
433
475
39
144
187
472
37
147
184
435
37
38
437
39
191
39
476
151
46
152
539
44
153
387
538
47
384
536
45
154
386
45
46
158
47
391
47
543
54
346
489
52
345
55
491
53
347
488
53
54
349
55
55
492
62
450
520
60
449
521
63
523
61
451
61
62
453
63
63
524
70
208
296
68
210
71
297
69
211
299
69
70
215
71
71
300
78
169
76
170
216
79
218
77
168
219
77
78
174
79
223
79
86
250
315
84
202
312
87
201
249
313
85
203
248
85
86
87
205
87
316
254
94
187
472
92
306
474
95
185
305
93
186
307
475
93
94
479
95
309
95
189
102
129
227
241
100
225
240
426
103
131
242
425
101
128
224
427
101
102
228
103
429
103
246
132
110
162
507
529
108
217
506
528
111
161
216
504
109
160
219
531
109
110
532
111
220
111
511
166
118
313
466
116
393
464
119
314
392
117
315
395
465
117
118
470
119
396
119
317
126
288
296
497
124
162
298
499
127
161
289
496
125
163
291
299
125
126
303
127
165
127
500
292
134
514
132
248
135
250
512
133
251
515
133
134
135
255
135
519
142
425
515
140
282
513
143
281
427
514
141
283
424
141
142
143
285
143
517
428
150
232
148
234
345
151
344
149
235
347
149
150
239
151
348
151
158
402
156
395
403
159
394
157
393
400
157
158
407
159
397
159
166
168
164
170
167
165
171
165
166
175
167
167
174
172
178
175
177
173
179
173
174
175
181
175
182
290
376
180
289
183
377
181
291
379
181
182
293
183
183
380
190
242
459
188
243
457
191
241
189
456
189
190
460
191
191
245
198
330
491
196
328
513
199
331
490
512
197
488
515
197
198
199
516
199
335
495
206
434
481
204
432
207
482
205
433
483
205
206
438
207
207
485
214
288
212
273
290
215
272
213
275
291
213
214
295
215
276
215
222
220
417
223
416
221
419
221
222
223
420
223
230
448
228
408
450
231
411
449
229
409
229
230
231
412
231
454
238
456
236
458
239
237
459
237
238
463
239
239
246
408
244
409
247
245
410
245
246
414
247
247
254
433
252
432
489
255
490
253
435
488
253
254
436
255
494
255
262
514
260
512
530
263
529
261
513
531
261
262
518
263
533
263
270
307
409
268
304
271
305
410
269
411
269
270
271
271
308
413
278
276
376
279
378
277
379
277
278
279
383
279
286
336
284
338
287
285
339
285
286
343
287
287
294
292
295
293
293
294
295
295
302
300
303
301
301
302
303
303
310
308
311
309
309
310
311
311
318
316
319
317
317
318
319
319
326
523
324
370
327
369
522
325
371
520
325
326
327
373
327
527
334
537
332
402
539
335
401
333
403
538
333
334
541
335
405
335
342
340
361
343
360
341
363
341
342
343
364
343
350
434
348
351
432
349
435
349
350
351
351
439
358
360
448
356
362
359
449
357
363
451
357
358
367
359
359
452
366
364
367
365
365
366
367
367
374
372
375
373
373
374
375
375
382
380
383
381
381
382
383
383
390
441
388
442
391
389
440
389
390
446
391
391
398
396
399
397
397
398
399
399
406
464
404
467
407
405
465
405
406
468
407
407
414
520
412
415
522
413
521
413
414
415
415
526
422
420
536
423
539
421
537
421
422
423
540
423
430
451
428
431
450
429
448
429
430
431
431
455
438
436
439
437
437
438
439
439
446
530
444
506
528
447
505
445
507
529
445
446
534
447
509
447
454
452
455
453
453
454
455
455
462
460
463
461
461
462
463
463
470
468
490
471
489
469
491
469
470
471
493
471
478
476
481
479
480
477
483
477
478
479
484
479
486
484
487
485
485
486
487
487
494
492
495
493
493
494
495
495
502
504
500
503
505
501
507
501
502
503
503
508
510
508
511
509
509
510
511
511
518
516
519
517
517
518
519
519
526
524
527
525
525
526
527
527
534
536
532
535
538
533
537
533
534
535
535
542
542
540
543
541
541
542
543
543
)

// ************************************************************************* //