/*--------------------------------*- C++ -*----------------------------------*\
| =========                 |                                                 |
| \\      /  F ield         | OpenFOAM: The Open Source CFD Toolbox           |
|  \\    /   O peration     | Version:  xxxxxxx                               |
|   \\  /    A nd           | Revision: exported                              |
|    \\/     M anipulation  | Web:      http://www.OpenFOAM.org               |
\*---------------------------------------------------------------------------*/
FoamFile
{
    version     2.0;
    format      ascii;
    class       labelList;
    note        "nPoints: 99 nCells: 264 nFaces: 612 nInternalFaces: 444"
    location    "constant/polyMesh";
    object      owner;
}
// * * * * * * * * * * * * * * * * * * * * * * * * * * * * * * * * * * * * * //


612
(
0
1
1
1
2
2
3
3
3
7
8
9
9
10
10
10
11
11
11
13
13
15
15
16
16
17
17
17
18
18
19
19
19
23
24
24
25
25
26
26
26
27
27
27
31
34
34
40
40
40
41
42
43
48
48
48
49
50
50
50
51
51
51
55
57
57
58
65
66
73
73
79
80
82
83
87
88
89
90
91
99
104
104
112
113
114
115
115
120
121
122
122
123
123
123
125
125
127
128
128
129
129
130
130
131
131
135
136
137
137
137
138
138
139
141
146
146
153
154
161
171
179
184
184
185
186
186
187
187
187
202
203
207
233
235
236
240
243
250
-1
-1
-1
-1
-1
-1
-1
-1
-1
-1
-1
-1
-1
-1
-1
-1
-1
-1
-1
-1
-1
-1
-1
-1
-1
-1
-1
-1
-1
-1
-1
-1
-1
-1
-1
-1
-1
-1
-1
-1
-1
-1
-1
-1
-1
-1
-1
-1
-1
-1
-1
-1
-1
-1
-1
-1
-1
-1
-1
-1
-1
-1
-1
-1
-1
-1
-1
-1
-1
-1
-1
-1
-1
-1
-1
-1
-1
-1
-1
-1
-1
-1
-1
-1
-1
-1
-1
-1
-1
-1
-1
-1
-1
-1
-1
-1
-1
-1
-1
-1
-1
-1
-1
-1
-1
-1
-1
-1
-1
-1
-1
-1
-1
-1
-1
-1
-1
-1
-1
-1
-1
-1
-1
-1
-1
-1
-1
-1
-1
-1
-1
-1
-1
-1
-1
-1
-1
-1
-1
-1
-1
-1
-1
-1
-1
-1
-1
-1
-1
-1
-1
-1
-1
-1
-1
-1
-1
-1
-1
-1
-1
-1
-1
-1
-1
-1
-1
-1
)

// ************************************************************************* //