/*--------------------------------*- C++ -*----------------------------------*\
| =========                 |                                                 |
| \\      /  F ield         | OpenFOAM: The Open Source CFD Toolbox           |
|  \\    /   O peration     | Version:  xxxxxxx                               |
|   \\  /    A nd           | Revision: exported                              |
|    \\/     M anipulation  | Web:      http://www.OpenFOAM.org               |
\*---------------------------------------------------------------------------*/
FoamFile
{
    version     2.0;
    format      ascii;
    class       vectorField;
    location    "constant/polyMesh";
    object      points;
}
// * * * * * * * * * * * * * * * * * * * * * * * * * * * * * * * * * * * * * //


99
(
(-0.447221 -0.894450 0.500000)
(-0.447221 -0.894450 0.000000)
(-0.707117 -0.707127 0.000000)
(-0.050855 -0.998713 0.500000)
(-0.001504 -1.000007 0.000000)
(-0.838211 0.545305 0.000000)
(-0.998095 0.061728 0.000000)
(-0.921766 -0.387748 0.000000)
(-0.959723 0.280960 0.500000)
(-0.978522 -0.206150 0.500000)
(-0.791961 -0.610573 0.500000)
(-0.254379 -0.967250 0.250000)
(-0.925491 0.378841 0.207269)
(-0.994820 -0.101778 0.251312)
(-0.985040 0.172417 0.250000)
(-0.864088 -0.503370 0.250000)
(-0.630588 -0.776233 0.257580)
(-0.392019 -0.552161 0.000000)
(0.135043 -0.565488 0.000000)
(-0.594837 -0.085581 0.000000)
(-0.141785 -0.119495 0.000000)
(-0.397323 -0.482590 0.500000)
(-0.536397 0.020705 0.500000)
(-0.885779 0.464130 0.103634)
(-0.716524 0.229862 0.000000)
(-0.943868 0.330341 0.353634)
(-0.748060 0.150832 0.500000)
(-0.760164 0.146630 0.103634)
(-0.730944 0.199773 0.353634)
(-0.368311 -0.102538 0.000000)
(-0.496080 -0.284085 0.250000)
(-0.565617 -0.032438 0.250000)
(-0.269554 -0.301042 0.250000)
(-0.466860 -0.230942 0.500000)
(-0.999373 0.035656 0.250656)
(-0.993117 0.117255 0.125000)
(-0.760718 0.096561 0.375000)
(-0.999810 -0.020092 0.125656)
(-0.765608 -0.040537 0.375656)
(-0.767246 0.041217 0.250000)
(-0.999265 0.038568 0.500000)
(-0.995837 0.091291 0.375656)
(-0.988058 -0.154180 0.375656)
(-0.757460 -0.092722 0.500000)
(-0.325851 -0.724920 0.375000)
(-0.422272 -0.688520 0.250000)
(-0.352657 -0.935619 0.125000)
(-0.128990 -0.991644 0.125000)
(-0.230431 -0.973144 -0.000000)
(-0.759665 -0.650357 0.253790)
(-0.716039 -0.698054 0.378790)
(-0.513956 -0.629412 0.378790)
(-0.829768 -0.558144 0.375000)
(-0.630706 -0.492980 0.375000)
(-0.594642 -0.546581 0.500000)
(-0.542017 -0.840277 0.378790)
(-0.635730 -0.772003 0.500000)
(-0.422272 -0.688520 0.500000)
(-0.628054 -0.527765 0.125000)
(-0.511303 -0.664197 0.128790)
(-0.394671 -0.517375 0.250000)
(-0.729463 -0.294475 0.125000)
(-0.700242 -0.241332 0.375000)
(-0.266902 -0.335828 0.000000)
(-0.493428 -0.318871 0.000000)
(-0.960800 0.277226 0.228634)
(-0.973893 0.227041 0.375000)
(-0.669699 -0.742617 0.128790)
(-0.792188 -0.610321 0.125000)
(-0.549568 -0.629644 0.000000)
(-0.584809 -0.811402 0.000000)
(-0.542017 -0.840277 0.128790)
(-0.419620 -0.723306 0.000000)
(-0.128488 -0.558825 0.000000)
(-0.196762 -0.776084 0.000000)
(-0.974768 0.223260 0.103634)
(-0.949470 0.313858 -0.000000)
(-0.796466 -0.011926 0.000000)
(-0.933221 -0.359349 0.375000)
(-0.950900 -0.309554 0.250656)
(-0.985902 -0.167419 0.000000)
(-0.968908 -0.247474 0.125656)
(-0.794829 -0.093679 0.125656)
(-0.758302 -0.236665 0.000000)
(-0.153421 -0.988146 0.375000)
(-0.254408 -0.967221 0.500000)
(-0.352657 -0.935619 0.375000)
(-0.894806 -0.446497 0.125000)
(-0.829957 -0.557863 0.000000)
(-0.656893 -0.469954 0.000000)
(-0.908059 -0.418885 0.500000)
(-0.687923 -0.344370 0.500000)
(-0.447189 -0.894381 0.250000)
(-0.026188 -0.999688 0.250000)
(-0.224089 -0.740651 0.500000)
(0.066769 -0.782748 0.000000)
(-0.199414 -0.741299 0.250000)
(-0.003371 -0.342491 0.000000)
(-0.131140 -0.524039 0.250000)
)

// ************************************************************************* //