/*--------------------------------*- C++ -*----------------------------------*\
| =========                 |                                                 |
| \\      /  F ield         | OpenFOAM: The Open Source CFD Toolbox           |
|  \\    /   O peration     | Version:  xxxxxxx                               |
|   \\  /    A nd           | Revision: exported                              |
|    \\/     M anipulation  | Web:      http://www.OpenFOAM.org               |
\*---------------------------------------------------------------------------*/
FoamFile
{
    version     2.0;
    format      ascii;
    class       faceList;
    location    "constant/polyMesh";
    object      faces;
}
// * * * * * * * * * * * * * * * * * * * * * * * * * * * * * * * * * * * * * //


620
(
3(18 32 34)
3(18 34 33)
3(32 84 1)
3(32 85 84)
3(33 8 84)
3(33 84 89)
3(33 89 8)
3(34 85 19)
3(34 19 89)
3(84 33 89)
3(9 35 37)
3(9 37 36)
3(35 3 39)
3(35 39 38)
3(36 38 40)
3(36 40 0)
3(37 40 39)
3(37 39 17)
3(37 17 40)
3(2 42 41)
3(2 26 42)
3(41 28 43)
3(42 10 43)
3(42 43 44)
3(42 44 10)
3(26 44 28)
3(26 28 7)
3(26 7 44)
3(28 44 7)
3(43 42 44)
3(45 14 49)
3(14 48 49)
3(45 48 14)
3(45 49 48)
3(46 48 50)
3(46 50 17)
3(47 50 49)
3(47 49 20)
3(47 20 50)
3(48 46 50)
3(6 53 52)
3(51 43 54)
3(52 54 55)
3(52 55 9)
3(53 11 55)
3(54 52 55)
3(12 91 56)
3(12 90 91)
3(56 57 34)
3(91 19 34)
3(91 92 19)
3(34 19 92)
3(90 92 57)
3(90 57 13)
3(90 13 92)
3(11 58 41)
3(11 41 31)
3(11 31 58)
3(58 17 59)
3(58 59 60)
3(58 60 17)
3(31 60 27)
3(31 16 60)
3(15 30 62)
3(15 62 61)
3(30 58 63)
3(61 63 48)
3(63 14 48)
3(61 48 14)
3(62 17 48)
3(63 61 48)
3(13 90 64)
3(57 56 45)
3(45 14 65)
3(64 14 45)
3(64 65 14)
3(66 8 69)
3(66 68 8)
3(66 69 68)
3(8 68 69)
3(67 14 68)
3(67 48 14)
3(67 68 48)
3(68 14 48)
3(37 69 17)
3(68 67 48)
3(10 43 70)
3(10 70 42)
3(10 42 43)
3(70 59 58)
3(17 40 69)
3(17 37 40)
3(69 66 71)
3(40 0 71)
3(40 36 0)
3(71 40 36)
3(55 58 43)
3(33 88 8)
3(72 5 73)
3(72 73 74)
3(63 67 14)
3(67 74 14)
3(73 72 74)
3(75 76 5)
3(75 74 76)
3(88 8 76)
3(88 76 68)
3(76 8 68)
3(88 68 8)
3(65 74 14)
3(74 68 14)
3(65 14 68)
3(76 88 68)
3(78 3 39)
3(78 39 35)
3(39 70 17)
3(39 17 59)
3(5 75 80)
3(80 86 87)
3(0 71 81)
3(71 8 33)
3(69 33 8)
3(21 24 61)
3(64 61 49)
3(64 49 14)
3(61 14 49)
3(22 49 24)
3(22 20 49)
3(22 49 61)
3(61 49 24)
3(22 49 64)
3(16 29 27)
3(29 7 26)
3(74 14 68)
3(33 68 8)
3(45 14 68)
3(44 43 51)
3(28 11 53)
3(20 22 47)
3(93 92 34)
3(50 24 49)
3(50 20 24)
3(50 49 61)
3(60 23 25)
3(0 38 36)
3(9 36 35)
3(3 35 38)
3(35 36 38)
3(3 79 78)
3(10 78 42)
3(2 42 79)
3(42 78 79)
3(1 82 84)
3(8 84 71)
3(0 71 82)
3(71 84 82)
3(7 83 44)
3(10 44 51)
3(6 51 83)
3(51 44 83)
3(6 77 52)
3(9 52 73)
3(5 73 77)
3(73 52 77)
3(3 78 35)
3(9 35 54)
3(10 54 78)
3(54 35 78)
3(2 26 42)
3(10 42 44)
3(7 44 26)
3(44 42 26)
3(0 36 71)
3(8 71 66)
3(9 66 36)
3(66 71 36)
3(9 54 52)
3(6 52 51)
3(10 51 54)
3(51 52 54)
3(8 66 76)
3(5 76 73)
3(9 73 66)
3(73 76 66)
3(5 80 76)
3(8 76 86)
3(4 86 80)
3(86 76 80)
3(7 28 83)
3(6 83 53)
3(11 53 28)
3(53 83 28)
3(4 80 87)
3(12 87 75)
3(5 75 80)
3(75 87 80)
3(11 72 53)
3(6 53 77)
3(5 77 72)
3(77 53 72)
3(12 65 90)
3(13 90 64)
3(14 64 65)
3(64 90 65)
3(14 61 64)
3(13 64 21)
3(15 21 61)
3(21 64 61)
3(12 75 65)
3(14 65 74)
3(5 74 75)
3(74 65 75)
3(14 63 61)
3(15 61 30)
3(11 30 63)
3(30 61 63)
3(14 74 63)
3(11 63 72)
3(5 72 74)
3(72 63 74)
3(2 79 59)
3(17 59 39)
3(3 39 79)
3(39 59 79)
3(3 38 39)
3(17 39 40)
3(0 40 38)
3(40 39 38)
3(0 82 81)
3(18 81 32)
3(1 32 82)
3(32 81 82)
3(2 59 27)
3(16 27 60)
3(17 60 59)
3(60 27 59)
3(16 60 25)
3(20 25 50)
3(17 50 60)
3(50 25 60)
3(20 50 47)
3(18 47 46)
3(17 46 50)
3(46 47 50)
3(18 46 81)
3(0 81 40)
3(17 40 46)
3(40 81 46)
3(18 32 34)
3(19 34 85)
3(1 85 32)
3(85 34 32)
3(18 34 47)
3(20 47 93)
3(19 93 34)
3(93 47 34)
3(16 25 23)
3(20 24 25)
3(15 23 24)
3(23 25 24)
3(13 21 22)
3(15 24 21)
3(20 22 24)
3(21 24 22)
3(11 31 30)
3(16 23 31)
3(15 30 23)
3(23 30 31)
3(16 31 29)
3(11 28 31)
3(7 29 28)
3(28 29 31)
3(16 29 27)
3(7 26 29)
3(2 27 26)
3(26 27 29)
3(1 84 85)
3(19 85 89)
3(8 89 84)
3(84 89 85)
3(12 90 91)
3(19 91 92)
3(13 92 90)
3(90 92 91)
3(12 91 88)
3(8 88 89)
3(19 89 91)
3(88 91 89)
3(8 86 88)
3(12 88 87)
3(4 87 86)
3(86 87 88)
3(20 93 22)
3(13 22 92)
3(19 92 93)
3(22 93 92)
)

// ************************************************************************* //