/*--------------------------------*- C++ -*----------------------------------*\
| =========                 |                                                 |
| \\      /  F ield         | OpenFOAM: The Open Source CFD Toolbox           |
|  \\    /   O peration     | Version:  xxxxxxx                               |
|   \\  /    A nd           | Revision: exported                              |
|    \\/     M anipulation  | Web:      http://www.OpenFOAM.org               |
\*---------------------------------------------------------------------------*/
FoamFile
{
    version     2.0;
    format      ascii;
    class       labelList;
    note        "nPoints: 94 nCells: 272 nFaces: 620 nInternalFaces: 468"
    location    "constant/polyMesh";
    object      owner;
}
// * * * * * * * * * * * * * * * * * * * * * * * * * * * * * * * * * * * * * //


620
(
0
0
1
1
2
2
2
3
3
7
8
8
9
9
10
10
11
11
11
16
16
17
18
18
18
19
19
19
19
23
25
25
25
25
26
26
27
27
27
31
32
33
34
34
35
39
40
40
41
42
42
42
43
43
43
48
48
48
50
50
50
51
51
56
56
57
58
58
58
59
63
64
65
66
66
66
73
73
73
73
74
74
74
74
75
79
80
80
80
81
88
88
89
90
90
95
97
107
114
114
115
115
119
121
121
122
122
122
122
123
123
123
127
137
137
147
147
160
162
169
170
170
177
178
178
178
179
179
181
181
183
200
203
211
218
219
225
227
232
233
251
251
252
258
-1
-1
-1
-1
-1
-1
-1
-1
-1
-1
-1
-1
-1
-1
-1
-1
-1
-1
-1
-1
-1
-1
-1
-1
-1
-1
-1
-1
-1
-1
-1
-1
-1
-1
-1
-1
-1
-1
-1
-1
-1
-1
-1
-1
-1
-1
-1
-1
-1
-1
-1
-1
-1
-1
-1
-1
-1
-1
-1
-1
-1
-1
-1
-1
-1
-1
-1
-1
-1
-1
-1
-1
-1
-1
-1
-1
-1
-1
-1
-1
-1
-1
-1
-1
-1
-1
-1
-1
-1
-1
-1
-1
-1
-1
-1
-1
-1
-1
-1
-1
-1
-1
-1
-1
-1
-1
-1
-1
-1
-1
-1
-1
-1
-1
-1
-1
-1
-1
-1
-1
-1
-1
-1
-1
-1
-1
-1
-1
-1
-1
-1
-1
-1
-1
-1
-1
-1
-1
-1
-1
-1
-1
-1
-1
-1
-1
-1
-1
-1
-1
-1
-1
)

// ************************************************************************* //