/*--------------------------------*- C++ -*----------------------------------*\
| =========                 |                                                 |
| \\      /  F ield         | OpenFOAM: The Open Source CFD Toolbox           |
|  \\    /   O peration     | Version:  xxxxxxx                               |
|   \\  /    A nd           | Revision: exported                              |
|    \\/     M anipulation  | Web:      http://www.OpenFOAM.org               |
\*---------------------------------------------------------------------------*/
FoamFile
{
    version     2.0;
    format      ascii;
    class       vectorField;
    location    "constant/polyMesh";
    object      points;
}
// * * * * * * * * * * * * * * * * * * * * * * * * * * * * * * * * * * * * * //


94
(
(0.707120 -0.707120 0.500000)
(0.955494 -0.295054 0.500000)
(-0.050855 -0.998713 0.500000)
(0.364615 -0.931172 0.500000)
(0.997991 -0.063493 0.000000)
(0.835288 -0.549797 0.000000)
(0.453162 -0.891451 0.000000)
(-0.001504 -1.000007 0.000000)
(0.891235 -0.453578 0.248806)
(0.598029 -0.801495 0.247212)
(0.231170 -0.972935 0.247442)
(0.135043 -0.565488 0.000000)
(0.594528 0.083071 0.000000)
(0.168970 0.189442 0.000000)
(0.308410 -0.226389 0.000000)
(-0.141785 -0.119495 0.000000)
(-0.397323 -0.482590 0.500000)
(0.087545 -0.538433 0.500000)
(0.456026 -0.274886 0.500000)
(0.518849 0.206062 0.500000)
(-0.046372 -0.041349 0.500000)
(0.013593 0.034973 0.000000)
(0.061299 0.074046 0.250000)
(-0.269554 -0.301042 0.250000)
(-0.094078 -0.080422 0.250000)
(-0.221848 -0.261969 0.500000)
(-0.026188 -0.999688 0.250000)
(-0.224089 -0.740651 0.500000)
(0.066769 -0.782748 0.000000)
(-0.199414 -0.741299 0.250000)
(-0.003371 -0.342491 0.000000)
(-0.131140 -0.524039 0.250000)
(0.705760 -0.284970 0.500000)
(0.673630 -0.364232 0.374403)
(0.487438 -0.034412 0.500000)
(0.485673 -0.874163 0.373606)
(0.654278 -0.756278 0.373606)
(0.342787 -0.669964 0.373606)
(0.547455 -0.836860 0.500000)
(0.226080 -0.734802 0.500000)
(0.397333 -0.622776 0.500000)
(0.042094 -0.782100 0.250000)
(0.091076 -0.995863 0.373721)
(0.183106 -0.769212 0.123721)
(0.115629 -0.993312 0.123721)
(0.382218 -0.250638 0.250000)
(0.271785 -0.406660 0.500000)
(0.204827 -0.158118 0.500000)
(0.197977 -0.382411 0.250000)
(0.131019 -0.133869 0.250000)
(0.020586 -0.289891 0.500000)
(0.344584 -0.938778 0.123721)
(0.527517 -0.849568 0.123606)
(0.294103 -0.728470 0.000000)
(0.423368 -0.905981 0.247327)
(0.366536 -0.683491 0.123606)
(0.525277 -0.095908 0.250000)
(0.312498 -0.042722 0.250000)
(0.111294 -0.551960 0.250000)
(0.018345 -0.768573 0.500000)
(-0.154889 -0.510512 0.500000)
(0.083312 -0.172942 0.000000)
(-0.027120 -0.328964 0.250000)
(0.221726 -0.395939 0.000000)
(0.238690 -0.018474 0.000000)
(0.451469 -0.071659 0.000000)
(0.764686 -0.644427 0.248009)
(0.453220 -0.513942 0.123606)
(0.599822 -0.339984 0.124403)
(0.489390 -0.496006 0.374403)
(0.159357 -0.755684 0.373721)
(0.809158 -0.587598 0.374403)
(0.485165 -0.557643 0.000000)
(0.727637 -0.685996 0.123606)
(0.571849 -0.388093 0.000000)
(0.714908 -0.233363 0.000000)
(0.864625 -0.502480 0.124403)
(0.666493 -0.745537 0.000000)
(0.298625 -0.954394 0.373721)
(0.160474 -0.987063 0.500000)
(0.948351 -0.317240 0.000000)
(0.581573 -0.491003 0.500000)
(0.856469 -0.516258 0.500000)
(0.232264 -0.972674 0.000000)
(0.926775 -0.375698 0.374403)
(0.737172 -0.044496 0.500000)
(0.964526 -0.263989 0.124403)
(0.796260 0.009789 0.000000)
(0.742882 -0.185253 0.124403)
(0.705042 -0.123758 0.374403)
(0.381749 0.136256 0.000000)
(0.556689 0.144567 0.250000)
(0.343910 0.197752 0.250000)
(0.236238 0.082357 0.500000)
)

// ************************************************************************* //